1.1310626671033246
1.1058030552488551
0.9617828959308237
1.0233093657899286
1.1126309230443603
1.0623493530076438
0.9506261498485179
1.0202254915675348
0.9314007702383105
1.12091232868328
0.7586488722445272
0.7418308677083011
0.8617959494566724
1.04827216194147
0.9542583767541348
1.0006585289038556
1.1338079558704839
1.19108427026565
1.1406164682213908
1.2900498478277627
1.2910570055507216
1.2629319960209797
1.341414895308716
1.3612502645908418
1.3843261112081715
1.3479808520087224
1.4376121126453503
1.2817397627646494
1.1793445828082718
1.1273203200028608
1.109676864032292
1.232456618819424
1.2111605903573455
1.2856317268567345
1.2608494345278278
1.1540905220908624
1.2840066679223374
1.1890401197225957
1.1702513706877804
1.2111199258524132
1.244662033178656
1.401979393736858
1.2900255631810091
1.1534557455754382
1.1561144740818918
1.0325691211195687
1.1784554903410418
1.2308775420391806
1.2732989579604994
1.1950625168517282
1.1352018935394026
1.145819876651931
1.0094733265231068
1.1365836726736405
1.0455797706102956
1.0841680171216224
1.1042134252576472
1.0094902988127974
1.252810525505749
1.2754916774860974
1.262796782847437
1.0337426717351461
0.9924727908383566
0.9900505535114796
1.0516944121359562
0.9299718228829843
0.9589782560881605
0.8281805634026561
0.7406321107633861
0.7810319786115675
0.9264537961668581
0.7833394681594329
0.9435633273315343
0.9491345975290351
1.162361347287311
0.8878019045149537
1.013466194513818
1.2118420675293085
1.3398798730809307
1.2571134546117655
1.2855830357860945
1.377615496887462
1.3938097498584736
1.1869364034728316
1.3426225205208653
1.4763071105149164
1.5285210374568492
1.4922470716971137
1.4579506428321871
1.5188695229547076
1.5462493126778918
1.4778301983521263
1.3774147757250736
1.3807099704370873
1.0927552109063414
1.1202401312213375
1.2231698802183735
1.2682280904144145
1.3096671371718303
1.2693013242221436
1.317373646742821
1.3183349327680096
1.3814648962858225
1.28390934056729
1.3171192062977177
1.4278220905773822
1.5022687017409098
1.4500704497251802
1.4881804449144265
1.3994754849517506
1.3829019569519363
1.3597612189640205
1.4646306254542314
1.0046777420376523
0.8404460556677671
0.814102602716207
0.8160020335295661
0.8823908931363194
0.897668104900302
1.0262126879446767
1.1267332173012565
0.9608624277851484
0.8688281863820632
1.0518564153011671
1.0196878788141168
1.064120554717735
1.199902257256534
1.295305265067134
1.4179663218516152
1.2651514618641326
1.5056646481473372
1.6188410325161047
1.5961944200352731
1.5677141876871297
1.5621513502873055
1.6547428050964073
1.412882840289225
1.3455550553398263
1.5957796828046544
1.3415746637520796
1.430359969036464
0.6812117541186768
0.5858663241371965
1.1713292006315812
1.3438088753168813
0.5799578681051629
1.2182014205724772
1.1499023842251963
1.2909528806421484
0.4052724677143591
0.197482327400215
0.507600699588951
0.6197633217574737
0.33346315317597774
0.3749790732399512
0.26406170829889064
0.36178270507845656
0.37358395336712724
0.43699322744209346
0.39416544860386504
0.127464548631312
0.35607603494479134
0.8645855934198075
1.0696338853560035
0.9257100782181275
1.0352607968453031
1.2958479290853508
1.2495312748792375
1.4072274587801428
1.474576290307059
1.5286466314272191
1.4432799974585053
1.238800661909179
1.6823600062945943
1.6227454712645197
1.540163058374145
1.5292713237065299
1.6549660602544756
1.368575943751417
1.5167092889178209
1.34926650290162
1.6072528434168827
1.626665308641052
1.1060265756594374
1.3613835242120769
1.4038169980005208
1.4373517670096279
1.1141951529798728
1.3126667106905887
1.2440082284002527
1.2930467165839061
1.4550021742900616
1.3531397732653412
1.1881395427862722
1.2786848200458314
1.0847525407372873
0.97984404168953
1.0478246890723393
0.6160353677588045
0.999302579251585
0.8731121199333632
0.9860101926439503
1.0713759337739959
0.8235921062498782
0.7273062605237927
0.9897219269031194
0.8339136587524145
0.9030264968545467
0.7791089989749607
0.6033114545764177
0.2690077516525309
0.541662299919087
0.9196282622634683
1.0207235862348083
0.8812475687947381
1.048784260443729
1.1036211095962962
1.1245202817073374
1.171003047661881
1.180504018917885
1.2721192256491112
1.3972498613163287
0.9258696076512234
0.42033420121576415
0.7269206416532362
1.284549353668524
1.2311414815360984
1.4187849632095182
1.2244495039128869
0.9944262645549474
0.9488882724233614
0.6608887805608018
0.366723274203001
0.3918432891594019
0.6374796154683363
0.7834438823417471
0.7310714778376222
0.9087249273142487
0.9531066627649101
1.0262703906983983
1.216500592935547
1.2373388933835388
0.7913254264047734
0.436476900485292
0.3612667010159837
0.5221306287813324
0.6344183423364744
0.86717240060574
0.7545932425992281
0.8691180001073651
1.113160599831636
1.252748392370092
0.9911320999439499
1.1529035114874593
0.6643234046859386
0.9024531631056552
1.0902083369252884
1.157694278035665
0.7918717631215685
1.0022435724539267
1.1510646542048961
1.1634844267599056
1.3768593154510718
1.0621518349038346
0.929768013174222
1.436240589685595
1.4913521671718473
1.2091592111689937
1.1321247363818938
0.8838953625376647
1.2480052867689722
0.9223039691156951
1.053842717717139
1.0233803340230878
0.9453597194668976
0.7877192582654834
1.008089255682583
0.7637167740127947
0.7477990230812861
0.6402772069129221
0.8351359176285266
0.6775852713146338
0.7190286411476421
0.6511098878040493
0.7760579972310804
0.6180885720329079
0.8568959280730762
0.9229154153716954
0.9515343033949905
0.5459156064410877
0.8805468412718934
0.7764221088884986
1.1262198518086182
1.3241211240713806
1.038978949061226
1.1693322859361377
1.1568107769745342
1.337363944362073
1.3951716294382936
1.4661673002932503
1.226875566421684
1.3422963766131057
1.0582203365787173
0.7063946680078358
0.5290576494292158
0.33637746213564995
0.5680487020826374
0.3684464223990324
0.9318300753371584
0.29629659734531033
0.4561900234565123
0.8677457060842119
0.8021640689808461
0.9434921953445798
1.1030174233804506
1.0937617635052466
1.243330730037224
1.2664681468827665
1.256304075439986
1.18305547635562
1.0983902072051348
1.1461495773712433
1.2905703950834886
1.3958370761419854
1.5718883054783648
1.0946362819032407
0.3802816197190497
0.8485155009853707
1.0346330380268256
0.25193569229254437
0.9085207089862346
1.1237294675986453
1.099193275095074
1.0700183925727205
0.9071586388163198
0.8579861387955727
1.004749668123638
1.2016457211932605
1.1923066143185206
1.1236991413143849
1.0599737617069396
1.035026870666
1.3601421052112834
1.4377178348816062
1.2236969683245909
1.3763942937732678
1.484229236100401
1.2602997944013359
1.2972383437225414
1.2047985595143245
1.1455651412982457
1.034965614676803
1.1531588730355211
1.2901206621905632
0.8048798283300274
0.7653136192451528
1.0798639464707014
0.7631331997241096
0.9257136409856229
1.4291055385005553
1.426455279700263
0.8607596036468472
1.1103982403778254
1.2948987039436297
1.163872799762126
1.359259134007785
1.323596968952764
1.2184206517978649
1.0347747678099724
1.3843585546800203
1.8451387300930107
1.1483400269252027
1.3287578003070504
1.389142126979404
1.4106910059968194
1.457654274423649
1.3836113298728845
1.4622599707841564
1.4022379921476924
1.153994938049212
0.9365032237452396
1.123439641895768
1.284724102934227
1.3366096105498542
1.3509129856021702
1.1089600942124895
1.3716567763013718
1.5405865310843345
1.3175443698492773
1.4164078241329312
1.459319149484472
1.2159034265744262
1.3073585773377914
1.2418842586693533
1.376485062831154
0.9021906824957396
1.1255510442161898
1.398000063531907
1.3533704118189074
1.2210991086794913
0.9886227173821576
0.7475667806705799
0.9533743709349721
1.0821266563253307
1.2797390215453397
0.8750369785071996
1.0180519782895696
1.0146468554310866
0.8416148731849322
0.46032635337068617
0.43501678561899493
0.8173295473442628
0.944887945612699
1.1408006411616445
1.0116493708243413
0.7774470692599487
0.8574063507432684
0.989782087167248
0.8930336961819898
0.4779135023939993
0.8870249398970272
1.058098258862192
1.0331370152064276
0.5934107533416146
0.5456117068248962
0.5401683489066333
0.6022794517875868
0.7859301122349686
0.542298989460198
0.3765838584041692
0.33247986151670417
0.34836637649555646
0.4174850475634996
0.6887809444678525
0.8504371050603726
0.9436913863910211
0.886220854790629
0.8788010721585078
0.6007420968186726
0.7854170732652557
1.0425780243798592
0.7277198925142011
0.717357839343238
0.8375336005055389
0.9764474681667027
1.2424819084080319
1.0732809431753503
0.7630157042190872
0.8998143191260256
1.0991337096577278
1.2388374393795802
1.2924727291255116
1.3659524708135238
1.3283131010132592
1.4025956573779315
1.3740185930847948
1.211517804420233
1.3518644251127625
1.2143599579238196
1.1466695237586895
0.6630711631169649
0.43707873408985665
0.5382911509737707
0.5554873199646972
0.4739229820519004
0.6090079954406801
0.965193452630173
0.7093589893779634
0.7916881544222387
0.8259849732114504
0.8458447841787439
0.3478316787572553
0.5900940184138032
0.7940311668729565
0.963934657077644
0.9060515832439183
0.545843022233522
0.4936771097876739
0.5935187994467803
0.4096604572238459
0.4604351388903857
0.7261035237190477
0.5027156915944662
0.381137740196709
0.5849251645922906
1.1244240725490502
1.1495860115462195
1.0442484389123943
0.9653356084394515
1.1674090575134637
0.9962177766107431
1.0191894756389732
1.2615157658785847
1.2817771248932968
1.2424745215553747
1.3070749342997152
1.2295708964801075
1.3288778684383313
1.2580339228677417
1.2514661589993281
1.326443386962454
1.1174598759944245
0.5093515839186542
0.7031938863801496
0.848547953685034
0.944962641566312
0.9355373374051507
0.5220281468629728
0.6599457770204982
1.1409535661615997
0.8675970102842
1.2404399448698766
1.3286818140475207
0.8786582873910255
1.294259702793744
1.2996537998468927
1.3998548238816848
1.4839912429734703
1.4249751152271573
1.4176999973632998
1.3340848617229275
1.352236333508539
1.242879967108314
0.9338324179519726
0.532921223924584
0.6336634554433805
1.0857606147524137
1.3166068769883252
0.5940460460958155
0.6822898805579032
0.8133006399177569
1.0537553393179078
1.1742989883180026
1.1589858483582245
0.5656258904741118
0.3261668328571785
0.8487069939370632
0.4681793668468831
0.6271616070133821
0.4833976441215164
0.3051046870714734
0.6909990842699146
0.811683137854116
0.6503942536156785
0.9439896215386748
1.1933397150704528
1.166025829584643
0.9712556251416082
1.141097941609537
1.1884202662182526
0.6144393383431469
0.8539091969556215
0.9787625517904808
0.9433609731962336
0.7224847405399634
0.39437347483359764
0.25695851584809226
0.36719601887323683
0.4965437005010235
0.68741907994597
0.8559204822539732
0.8068634532222267
0.429844553762591
0.5718033664499489
0.9014155109755985
0.9333437669985383
1.0639766525197938
1.1844068099100342
0.9321672837310997
0.7048899955705348
0.6295519043424789
1.1022813808843426
1.2724657804603272
1.1131578413108483
1.240017770462002
1.0979048258213
1.1702834719705089
1.0305182122414882
1.0566554254060536
0.9613341897425065
0.8547207698562351
0.5923389221084351
0.49194037560339765
0.266501206142841
0.42731008903746126
0.6439811703670675
0.6443872384285934
0.4153030605750233
0.417122781280447
0.744230677455553
0.45389621378259737
0.3325724259533259
0.5149908640023005
0.4021866209412789
0.44134860701253076
0.9643614967506775
0.7503750466812722
0.7695723457984232
0.8591159816004
0.6458333989276365
1.0979264464035094
0.9875184250102433
1.2304685264308617
1.4104187664440904
1.3656937648772096
1.077588981836999
0.9012893517571947
0.6140401371331932
0.9034891897855525
0.9985536231733768
1.1096829944017539
1.0365610924015953
0.8668735592260519
0.5799305446761466
0.39226136123971944
0.6633647242100329
0.6203079234096163
0.6277754270157956
0.7390798120604245
0.47850635524348506
0.28752386916694866
0.08377104927325704
0.47364468941419435
0.6798336341199567
0.7748391954240998
0.3891478535932139
0.5873468429471596
0.30676147781569785
0.3622844474835041
0.3324008006292658
0.6711001520785457
0.5738709617365966
0.3976139534136679
0.4448834434296599
0.38290795773969377
0.7886812061175332
0.9914693993438841
1.2094459785163516
1.188243055562225
1.1898854226714848
1.1422642186584635
1.2387669774571506
1.0763970730524484
1.156306543233363
0.7512498462282527
0.28035253929646253
0.5311114123451729
0.7955401670388004
0.5850619518518791
0.6595244005591071
0.6671865933167739
0.8633792524119984
0.6533012132378818
0.6946441270755088
0.6476964816322353
0.37444348117093196
0.3117970159742697
0.3025577968442993
0.4627045755843603
0.8038401840554777
0.8935408139230685
1.0701294672883406
0.986215478088886
1.0936398500968973
1.152824820021866
0.905471639555636
1.0755352630101298
1.0362996971522378
1.2306980174859614
1.1116212469419084
1.2842058617410912
1.0362701842359834
1.226220935439016
1.2470888442736698
0.9949307523720037
1.1285505140729468
1.1978873797858252
1.2219466695175063
0.807711841763535
0.9329421820925506
1.0872743717674427
1.1524186014034858
1.2082698799510543
1.2550271192782154
1.1051149158961378
0.8949216741033209
0.7981105386078484
0.8866656010473967
0.9487332049353636
0.9279850338535038
1.1222968479122066
1.1554793680931805
0.9209816909292086
0.8260370465328593
0.44101457240957453
1.0030263052637485
0.9419463840095909
1.1472293788041115
1.0827226368231393
1.007667970150711
0.7559607626790337
0.7096454180208016
0.6700515156989093
0.9460624331722237
0.8648972740709027
0.9445635267306297
1.0487568520248605
1.183904649311307
1.1611374499596798
1.1097899776446516
1.1304211106003181
1.0727068879851103
1.0752903618251701
0.9883749994533917
1.0824057952304948
1.0678998167710234
1.1823592559044758
1.0708812309300744
0.9320034722074094
1.1050985627932965
1.149580075931946
1.0696298768869115
1.0429212072811314
0.9837494140180915
1.1648489832438496
0.9542044838070515
1.0026253590231018
1.1133890284348944
1.0237942553152724
0.7019633200748423
0.8440248908608712
0.8768629162966717
0.978332204820233
0.9642795458047114
0.9787196512028515
0.9309318346501197
0.9537709895703735
0.9320411023894533
0.8447419931263577
0.8078139077551222
0.8487076331249748
0.5953109521895805
0.9667618836004765
1.2055086652504852
1.2140260881177356
0.9345787542556757
0.7313868740708154
0.5382168846031856
0.8148665069458328
0.919267041678999
0.9871167372563671
0.9347091686803638
1.0344329131113814
0.8486820031342327
0.4548290593298585
0.43323705438050475
0.8029881723387029
1.0648292803519188
1.0083196892182416
1.1560802188011443
1.0003088210160704
0.9520445884365014
0.9235036907965201
0.9787337561600508
1.0236022399245424
1.0204244328244299
0.7894871368860765
0.5663852131578705
0.8736627820349698
0.8459178822743014
0.9852760957196357
0.9814995446490886
0.8401423489725083
0.9651271915703881
0.9391872454434161
0.4631224952267713
0.3272721730267938
0.4929426768338957
0.980259960652279
0.9795269095008252
0.8841290278690074
1.1065769220919566
1.173259725037549
1.2133338304098706
1.0712856418158352
0.8797419565545117
0.7692663606533483
0.8712448392500572
0.646861843642296
0.34471706775679567
0.4838316978581446
0.6141973413501235
0.6524997776747756
0.46516196302377666
0.32366188703100873
0.5209177568760066
0.4447467097921176
0.20048526149414314
0.5784018517813005
0.8814174247799643
1.0719440287499344
1.0555865915579519
1.1203445821424676
1.0739577186427873
1.0427744972431288
0.7315928210270426
0.7047029086491473
0.9767182158164428
0.9809995584884721
0.81714314457746
0.4185927332996241
0.567673599186287
0.9406268881303669
1.062746661673534
1.2405354571517564
1.191333867706576
1.1133107070009916
1.231670233354833
1.302168217446135
1.3895357405189885
1.3223463690113209
1.1843938521972068
1.2828083993148067
1.324200365283077
1.3492116427945309
1.0492439920009207
1.1701251991660304
1.2036132762081835
1.2721274983981206
1.2216698810450624
1.1425885140531586
1.1177512492999835
1.218673938627695
1.199706994647196
1.089170856190107
1.2358120912675834
1.0020169822102207
1.1065869377186055
1.0911946105904726
1.0085665019031689
1.1613338604548575
1.2691001243304367
1.2615490785126966
1.0247296219432596
0.8815490265600943
0.9966672819544873
0.7521424464942281
0.39129100685620244
0.2694941604484449
0.591970014417424
0.5078293914733009
0.2646308306417907
0.1492393195399826
0.6356378163122336
0.9936056940066921
0.8598925966620037
1.0153789051047888
1.110973785499755
1.1063366680371574
1.0711668242556298
0.699763214227538
0.7025086525893797
0.9039403006520247
0.9292324058411444
0.9413985037587923
0.9482956293185532
0.7285824119729146
0.9245047577154429
0.97846588347389
0.726505614039735
0.4298153732295319
0.662623876723148
1.0531768232336458
1.0622715049592466
1.10352443834432
1.2607332734524617
1.3503618612829347
1.069824689593827
0.6488183370525995
0.8682570273645386
1.0375204150795205
0.6434768475954165
0.8774187366863916
1.0427197862514674
0.9486904348155278
1.1146884792108862
1.0925523787151252
1.1030120480874466
1.1862545766867028
1.1696533754878
1.110927685633159
0.9890404552502748
1.1523177627044128
0.9926193780642113
1.0533909824685412
0.9705070621804477
1.0951063646546986
1.1114821583766405
0.600942058615729
0.34743413948195556
0.2550920292233528
0.6341039109813704
0.48775198004302334
0.880978214843113
0.8920880256288789
1.0916721878399869
1.0050263434292428
1.1008337696252997
0.9663693887435396
1.0190815377503595
1.012114799955495
1.0306425464661921
0.7166391991086207
0.8703201259419182
0.8386940885513716
0.5831040774221534
0.27543419672741654
0.6252089311100266
0.8795664306096237
0.7112169641754433
0.7908511713666879
0.43859018055552856
0.3583071562359625
0.5411341287655679
0.8675164745113352
0.8600679422395339
1.0001131588104297
0.8465320247332273
0.9248095081361645
0.9545058150533398
1.0138290272773764
1.0807305499084763
1.1838719982673567
0.6529907882600385
0.8803948869681214
1.061814635203325
1.0473807224000926
1.1337215688311986
0.8954213770510967
0.8562808628407472
0.8033171701100157
0.7174713337236274
0.8630899801494039
0.9121868231855282
0.9011454488845544
0.8252266013925214
1.0173681463744717
0.9345186273823151
1.155651856999606
1.3272731715538895
1.2730095090877769
1.4178043891815049
1.2801175343609577
1.37950216099856
1.28026531663036
1.0551016982218708
1.0074251531282394
1.0631883479382773
0.8557623150760775
1.0599733382708816
1.0212369804350434
1.0918269314891573
1.2476066599815252
1.2016925608921063
0.6528948927696627
0.425118055140276
1.082749000302503
0.6415809618956223
0.5498510399188727
0.8066810829939988
0.6422588643897201
0.7581878477228411
0.9070391257668506
0.9425019446284054
0.8479538421876973
0.7129212820632684
0.6754056604499028
0.8802092882707712
0.5341882167291095
0.3131181415192946
0.463489608442775
0.931276831571437
1.0977125097183031
1.0379654154202556
1.15766257876125
1.1885688485159869
1.2760262467413868
1.2519083258397554
0.9506712617957565
0.5642616024470732
0.9587919174670491
1.0902977564920315
1.0783570440458567
1.0121706330551057
0.6997264548201991
0.9016873513728327
0.9071342587063441
1.0853195294914115
1.2675628786373927
1.0600267262094212
1.2477283413450568
1.1615929970397383
1.1774301446120072
0.9315326844474844
0.7210100661346479
0.8717084933440212
0.8383097083440453
1.07483463359115
1.0783343631106868
1.2320472821608308
1.040988678497095
1.2047565729903351
1.3581476675521003
1.39615777455075
1.33808641255661
1.3837022514271062
1.4728428430482712
0.904630668169695
1.2787210962604534
1.292564515889006
1.3457479888304071
1.1546376510168876
1.0336009910710344
1.1561552879293029
1.0524234341683358
0.9434141865086025
0.859994250216435
0.9260304287643705
0.2919947761789552
0.5129858874462631
0.9130658049419679
0.8812777577793576
1.063339821554894
1.1519396576735752
1.2458834580731557
0.7002484291147695
0.3273305664938284
0.6751866809848134
0.4996282730475906
0.46450480875667277
0.7858297820773162
1.0990369238735938
1.2428339319012625
1.1958845316726663
1.1085251341394513
0.8297347557822833
1.090385902811724
1.1405110196726989
1.127651458824323
1.1343237740598502
1.2201486761487568
1.3217203326995988
1.1606573385670456
0.9381036250645802
1.0683223920626428
0.7673198954220253
1.03981256489158
1.1729614503900523
1.0426971472652944
0.7610531210305149
1.1512905995576013
1.2232996371207872
1.1710151795976738
0.8894668637937819
0.7316336581620043
1.2790710000094672
1.4077729465642124
0.9893202691842412
0.8315391969291407
1.1116417513817063
1.2956320783859532
1.3023847865012668
1.208516478494561
0.875906163781383
0.9499750925321705
1.0007111597612384
1.011612417374327
0.4872091043703013
0.9394689767919476
0.9080294120509883
1.1018877611384184
0.9931638413116838
0.8021649585576226
0.571267287136959
0.9815573303500791
1.2305890010891796
1.2473829296469416
1.2495788904674718
1.3643463606340325
1.5741167212570129
1.0734326498581763
1.1836667741654578
0.994448456178342
1.1771391953239996
0.9712140312553142
1.4140107252367646
1.2602885365509993
0.8424469755057068
1.0826955126735103
1.1311231696539565
1.0878791616031374
1.1993943947957157
0.9579222203445624
1.4289839298213638
1.5461666742142448
1.0586520570241793
0.8184460562218471
0.7431408587711869
0.6339391701131104
0.7446407799616612
0.7725349655211659
0.9567013776188827
1.0031656690552275
1.087902113027516
1.098457926068309
1.074813634715801
0.8300592013723521
1.1437980717927805
1.108330793948379
0.9685092503223325
1.150521570527594
1.0187185863524164
1.2435152918426935
1.0470661746967083
1.239449599042267
0.854165414613058
0.8327802985055557
1.0730375545641666
1.0499130358930642
1.0882728125277112
0.8864945880109537
0.7838217543455899
0.9241860508531632
1.1417972806844856
1.2197328644419023
1.317402341447269
1.2722970721716542
1.1682712124462882
1.3408642975292788
1.3456593280489018
1.484864735486091
1.4315489995684836
1.3126629855446896
0.7793011222188628
1.0136447699100444
0.8125207325155005
0.9630058470615642
1.1245002795983066
1.2001494063377203
0.9299069598079257
0.7231614074622207
0.5149208816305396
0.7655746075539976
1.0321274602704587
0.9482302076138172
1.0613582094427823
1.1344994075085653
0.8816584769266502
0.8869474348001959
0.984572285179245
1.0854271994050282
1.0551719614364494
1.1918246254819644
1.0965921140822905
1.4080006367492366
1.4528156529016483
1.4061910607664232
1.461926135230161
0.9930739339875106
0.8542663000067336
0.925444958564545
0.9825407993792641
0.9199050765126725
1.1391723986960058
1.2865436144378197
1.438696739062771
1.4736375227869967
1.4825399840753053
1.4714939102618134
1.233016355929564
1.3788101068327572
1.3604147553217938
1.2939403971394912
1.1924198567390933
1.2050938553335233
1.111237265268322
1.0991148139954852
1.1855859405160383
0.9065501410854744
0.9357028294478192
1.0735089931306787
0.8637735940151009
0.7993545448546615
0.8053265863381474
0.8974457807536367
0.6303685013561943
0.8602385189440105
0.9702871907403494
1.0707896211180952
1.0617036768249022
0.8636185129684777
0.947102378954451
1.016568772872036
0.8601216056221193
0.6233458804907894
0.5261098729141493
0.6130235265310605
0.6934991400361278
0.8894003364464981
0.8630929507596159
0.8320212001414226
0.7435744857184726
0.7820259189286874
0.8722644443356873
0.9549550947316394
1.0029877939484244
1.1390471174487327
0.9503383745202241
0.9757257290974615
0.9430798087975885
0.8225575535637366
0.923336740402319
0.7760933167482726
1.1470785357255635
1.2058886748990525
1.1981526812743308
1.225388245932421
1.2638232922893635
1.0702788033536619
1.2135544132729286
1.1875492908185652
1.2551025029866116
1.325230931831178
1.196381975131967
1.212513687158601
1.2019088124760402
1.1515060042845102
0.911171485601667
0.8671546977910876
0.9798575839514105
0.861701271018781
0.9290702475460234
0.982096807018337
0.5019890865419656
0.4573529083885838
0.4757930081500853
0.4265746698495845
0.47879745137598806
0.395782040044815
0.468007263430849
0.8025838436315734
1.0153073520842248
1.0661194935070524
1.1783926485278808
1.1537124139084374
1.1732498675586496
1.2605889232992888
1.2966396686999855
1.208265458852355
1.0823097954214569
1.0869678997754726
0.9969936532564854
1.1588109780781053
0.9517608417044163
0.9567673946452837
1.1512144594663454
1.101274277089295
1.0320576698013335
0.7716374285672689
0.8891596949332367
0.9811868860953916
1.1599697436173675
1.1864011025789887
1.2428097961399676
1.2970455690239306
1.2252753458834977
1.2049776453894558
1.2596818860064274
1.2163033586888556
1.0580607585799167
1.0629101257207398
1.2236108186350108
0.9476668522195771
1.0811108092880992
0.9361682667448498
1.0762974787984114
0.8289377423054701
1.0140957510155222
0.97476356393954
0.8337508166605276
0.8855970968852881
0.5352689385945298
0.4780800415242519
0.5235468742256124
0.45447168237728175
0.5332213475480616
0.4989451551692655
0.35221501091843654
0.369002303665225
0.40568452551852563
0.29833317825488503
0.505443175673307
0.8221592611019939
1.071158071643163
0.5247509006398468
0.8707875721965884
0.541408423429726
0.5146833616549775
0.8519387554862065
0.4192177357886626
0.5759148678892484
0.8875530072272738
1.0920766229467276
1.003513014975825
0.8617142580629337
0.9948449219773886
0.6528368277731948
0.6675934922290374
0.7483699003428812
0.837122991119392
0.7440779382400657
0.8839716139305035
1.0727627437605685
1.0665748226488256
1.0309370899102261
1.180502870137765
1.2560982162960048
1.334964871536309
1.1629205065684736
1.1148427331890178
1.0097619000805351
1.0096996673587726
1.157450065110512
1.0534352941757323
0.5076297525227517
0.3925626339577156
0.6628400795674692
1.003124363001541
0.8586102001587711
0.8818810161626688
1.171663757085351
1.198123689183702
1.1816639839656098
1.2562089550603412
1.2108649882052163
0.7675352097320853
0.47882782450776784
0.9552789245135002
1.1523129439510336
0.7025834491757548
0.6943364822058848
0.549649260799703
0.3673567568610038
0.37362398836978883
0.5709343858340657
0.5604022865447439
0.581826873022735
0.6410971985252782
0.8099803515794202
0.933651450222578
1.1169676006347937
0.8744591910366172
0.8384674071930113
0.6311925290720204
0.7887680963266157
0.6544609879257419
1.0166334499935947
0.9587372906548068
0.8095808580377586
1.0393352373481959
0.6263539586523815
0.9684270363752487
1.2649628598101874
0.7648692573601906
0.663066803262266
0.8384401997097118
0.9853841761256448
0.8564574216598478
0.6068736053524595
0.6796422361895069
0.8797113364734512
0.830867555992521
0.7735151225430609
0.9207594378580699
0.5014307346205275
0.42030743252447944
0.35136432825551667
0.758763804597892
0.993491839256565
1.160856395490295
1.375133090217881
1.168552226252715
0.6407765073944235
0.32798524008598307
0.2523468781677587
0.09696252596338048
0.39752319965732763
0.4924636042497079
0.5641874667056104
0.49805421684059303
0.5869360668625274
0.4538991311067737
0.5713729119071496
0.4223914526202268
0.5068016917968144
0.9157269758116552
1.113835950148779
1.0613303075386091
0.9551701056675777
1.159667796341106
0.827357922782895
0.9979989493508171
1.0434796423927637
0.8552377932592645
0.6875493688167746
0.5718710062448538
0.2682677302538682
0.29099539970058774
0.3192762396253968
0.33676777014149994
0.4287286492079849
0.5706091555049134
0.6704702755189926
0.8116361759920483
0.7006297215364131
0.7895178036932948
1.0010308950488012
1.1029574529853572
0.6313018100358643
0.6302386234083076
0.5465394639974659
0.4788093720594099
0.8115520648302382
0.723226572815935
0.5529328884444967
0.6365607387827048
0.5103366946285157
0.3874461199650301
0.39159134821742614
0.5100575277300312
0.6399808182665715
0.5210306727637405
0.3290309770767667
0.40045675089038024
0.7121723658984189
0.8037222585251956
0.7757517331589739
0.6727884850877498
0.4188999126813794
0.8565596883411895
0.9400650641360966
1.0160544074469298
1.0352444109657892
1.0283303279976732
1.1714110478429827
1.436941446652737
1.1071212732040776
1.4198131049138631
1.5283301072571684
1.4841354607799453
1.7970291430688237
1.9809917747414478
1.8549035264611053
1.6422368302644443
1.6738897023647434
1.0384561598384334
1.350926804104681
0.9784356609498045
1.3569859271017553
1.085899426996893
1.2016036851726963
1.310470966269809
1.599262881195963
1.4698208944323212
1.2271122489651582
1.141397849501329
0.8065555573244108
1.030684939865264
1.3841872750283022
1.0972118159143063
1.2680596244250888
1.0764368176936352
1.2574083329725778
1.46121779263205
1.5314669007201653
1.3955700755683118
1.4840262661204757
1.4268995396655741
1.5310298245353142
1.2912520972754837
1.5296973139812164
1.5926847839758462
1.4349214622003643
0.8170622630902618
0.6784736858081503
0.4916062535811193
0.7990946955076315
0.7562223024818177
0.8339111832453091
1.2119008876209618
1.2847896636881018
1.2180204292940537
1.3811144546011007
1.2689753994895245
1.6492446861137586
1.5330983961671363
1.302496121329155
1.593068893364437
1.4205939099510105
1.4845291922467863
1.5966467231988042
1.5817202188599855
1.4381821142493258
1.2902503006381763
1.45513576660168
0.8828491586494457
1.120977715037159
1.3345118689096587
1.396589849067645
1.231922879470172
1.2134463162830245
1.1674638788128375
1.2254949108330289
1.2822304866661365
1.3993023545694672
1.2390068988875418
1.5850140155136128
1.548742816952984
0.9419990662207954
1.3058684926968724
0.6436501165333387
0.9531297895889017
1.2854192461155085
1.3912463299508786
1.3858607440844113
1.579692734767297
1.5184746327591885
1.1513952236990515
1.3371854272337649
1.6449745905741238
1.599539413826281
1.3855066770440037
0.9985604621815845
0.8077008133065495
0.4789519743447471
0.3896171110900023
0.8736319255640601
1.40637781240698
1.3737169017219486
0.7025880968671736
0.3512783099145975
0.4191288641307479
0.6667534749550201
0.7290878041478729
0.7828955716534608
0.8073941671467869
0.8215476835812083
0.8200866744173901
1.1167423071264841
1.0778250183340634
1.1316465167052123
1.2520637951571947
1.259318330556735
1.4618963551332742
1.2725215524483495
1.4434602417020808
1.6039827752118447
1.4938175524145065
1.4858917458445837
1.6821138459204203
1.7063969596814241
1.6131999004618625
1.0514440000445096
1.1104559309598931
1.1639594645090474
0.594198447927235
0.45499707592490146
0.25723685471905405
0.13072766071634617
0.6114521967905203
1.0146163040327232
1.2703989309111634
1.2608730070077865
1.3969064013551102
1.5357638510544183
1.452569800932315
1.356307190556217
1.331223682520291
1.4732037722692566
1.538649133452319
1.152325642945692
0.9632812210145039
0.6729969672529579
0.5470161624523747
0.382584385324243
0.46445807063578315
0.6015878909852863
0.6848326508628326
0.6646643218931483
0.40383551121010797
0.6062703162001234
0.9979613808614897
1.1247637282689376
1.4660991569808195
1.2047790042579118
1.0619092915574924
1.1175478914115076
0.9451847447650875
0.9547367166658712
1.0318545659919907
1.184281328724501
1.1725067676227212
1.1971466648941431
1.0280597215796097
0.7228093856300806
1.3137945638304738
1.375029697765396
1.5753494579269443
1.7083961051482108
1.7852683279834596
1.762097972018851
1.8060305950485578
1.7180529243949243
1.8504574635399813
1.7587683696461347
1.8134565329482966
1.8021280165308997
1.8944298359203913
1.7816925469120617
1.8203023519328074
1.9077222760795132
2.084400217461293
1.9425959518473286
2.0983018671312164
2.220889563494475
2.054848100060469
1.7623555295625826
1.9319377111553284
1.8470846648845314
1.712629239002859
1.8733194378378533
1.7465897401170074
1.8152911088278723
1.8697812169475585
2.0101470271733786
1.9587649765162027
2.2073515432911788
1.9415901577671586
1.4924596371169019
1.0419368788414898
0.5347049536002428
0.3209952725627755
0.3905247797594493
0.20723191284527712
1.0617244796009095
1.510089882472511
1.2718757164355377
1.1718244755938771
1.353608966572141
1.3579903927546346
1.3484412697791976
1.386854875779868
1.0536348997018012
1.126331408865056
1.0204143189139436
1.129076893061654
1.3233735227755037
0.9042214025480451
0.8107522715044252
1.1297314930751754
1.3970795057126573
1.4853062987788768
1.2035909391301958
1.296586836876227
1.2787112407320307
1.5723027527928362
1.5690293509622146
1.7580760016692119
1.7099623404693556
1.3309146546767436
1.6006796758975694
1.9396415301819065
1.7679611617202984
1.5524127201141416
1.4767186741854004
1.5199023424564408
1.6514471199197296
1.5746500856877665
1.5665867364337709
1.8036286670166612
1.6318351616982032
1.6968758089685092
1.762596458242598
1.7823093237921708
1.3913570062999772
1.414952798673829
1.6517917625254468
0.6033552093549723
0.5881431876360874
0.6803529479988065
0.9324284795647326
0.7219851109877388
1.0816673208476697
1.202610530340441
1.1050804553303852
1.5654592314560059
1.4318315201806857
1.6851369488625214
1.8341690071095802
1.8371266357147837
1.4590994209296502
1.3064351967830428
1.2985551213648712
0.7303362796241941
0.5186288869347583
0.3151090547168547
0.3722219514856291
1.0222384180375312
0.42715780457724295
0.35292422440080784
0.7204476190395073
0.7192770831661286
0.4183191832768336
0.17715766100837305
0.32178694819286546
0.5530296082746585
0.7058359903823613
0.9126932810233117
1.028308877560954
0.8795247499247896
0.7621406995019003
0.7257786663865003
0.9977816310980829
1.2227199629026582
1.3753840942019206
1.5310346812267466
1.4975194265905738
1.5529194413355503
1.4846823095015234
1.5368241427954603
1.2065454466781864
1.3302361478346632
0.9341489246360558
1.2245515014866577
1.285096264326528
1.1663853727572413
1.3319619614454312
1.4580003927652785
1.5487697782738834
1.2123109745298108
1.604483405113538
1.4057866503819483
1.4045769911440493
1.0964411727223735
1.155140573510601
1.1464821364014768
1.096860072610762
1.043676740196948
0.5416031151658787
0.6788545192974101
0.42509122997657245
0.2902501149942165
0.5382666677837348
0.6896387474662691
0.7224085355181042
0.2352052188847341
0.7131943719357018
0.5649979151957141
0.25697919866487073
0.8233147380763302
0.9185955365297577
0.8173762164962987
0.8303171105920257
0.5501812881271424
0.6391932502403199
1.048236901037699
0.6501434633701709
0.5238200303053312
0.35202085328736354
0.4808512760009126
0.3910655592433123
0.7819407265921565
0.14609229540539265
0.6016165673133225
0.3765714579703547
0.4031555922608354
1.023668880407643
1.5345330741838072
1.5168114802736035
1.6831117549423098
1.4833030772314553
1.5002133099281147
0.9254853388823707
0.6486500140643986
0.843761166973838
1.2899520988316957
1.517948300679349
1.3967069107632797
0.6045662856945853
0.8786962258123948
1.2974570139851673
1.3827892869340737
1.5829560606470756
1.5411600592513224
1.6405247961742204
1.6215544569847273
1.5406325085639758
1.6355595227607658
1.4849046457749224
1.5304675809892037
1.6052842381418477
1.4494298355489799
0.8235101986068428
1.0429911118510136
1.3779259944307216
1.505752906404948
1.1895332728875292
0.8277222236251418
0.22701399524426252
0.6846940201005276
1.0174722135600809
0.7905761105313401
1.2107771501514213
1.2538770882891856
1.2031689465023623
0.9252450886326906
0.8941770194407286
0.9073949796524403
0.7781610213234076
1.0932095594254587
1.4108738094926436
1.272658665177495
1.228479352777784
1.5033903494427114
1.5847518269266874
1.5294938451441664
1.2936640212729837
0.7906597417361402
0.9224764736265921
0.5603378274755373
0.3916943486452682
0.2773958547374152
0.8945625770411832
0.4246506960196438
1.0068566055116766
1.2530847526317819
1.4112906330232808
1.413683651396986
1.321112599930004
1.342081876005282
0.964629445589346
1.3260640584117551
1.447823764732574
1.169464432370451
0.6124253609592553
0.8386170531432094
1.1967476727760826
0.9906360236016327
0.3322361527676284
0.7712356733464086
0.5706962500415746
0.8815118480574432
1.2585512968395955
1.6542919497351503
1.4828012761962253
1.4281647345345434
0.7724662732970309
0.8524667024071464
1.34871530501001
1.1698975731131978
0.49953379139719867
0.97567105976439
0.9300002684998718
0.6826101271278132
1.2338083761947207
1.1387666118461088
0.39880867243876106
0.5149803118077552
0.22206792674764886
0.4353305466027876
0.7873422971632176
0.6727406957936872
0.7138727433403094
0.7863429574958374
0.8524119029629019
0.8562349897654123
0.86545386843185
0.9896321071351155
0.8244477803510074
1.1877970684008194
1.121086090108258
1.2728964439795032
1.2361751916771797
1.1793222478754322
0.8988642139517204
1.075128342110609
0.9295511533090279
0.6084082171173507
0.9765376957259522
0.8813189647159112
0.8270288319637059
0.9974478744770111
0.7124027919349408
0.841672109920445
1.085438337394487
1.38901414634553
1.4875476069399196
1.5363957236469559
1.3912329271371096
1.5688021328243447
1.2623632461266439
1.044076421804164
1.043930423663337
0.908973972566181
0.9027170596940838
1.1066814978682067
1.1926433625847914
1.1050472722393179
0.8630465937728065
0.9194221515966527
0.46563047056772755
0.19646259452322923
0.18519812344125353
0.18302269786359057
0.2557417723041845
